Значение для:
2 5 10
1
F
3
F
B
F
7
F
9
FB
Значение для:
3 9 27
1
2
F
4
5
F
7
8
FB
10
11
F
13
14
F
16
17
FB
19
20
F
22
23
F
25
26
FB
Значение для:
4 16 54
1
2
3
F
5
6
7
F
9
10
11
F
13
14
15
FB
17
18
19
F
21
22
23
F
25
26
27
F
29
30
31
FB
33
34
35
F
37
38
39
F
41
42
43
F
45
46
47
FB
49
50
51
F
53
54
Значение для:
5 15 30
1
2
3
4
F
6
7
8
9
F
11
12
13
14
FB
16
17
18
19
F
21
22
23
24
F
26
27
28
29
FB
Значение для:
6 12 48
1
2
3
4
5
F
7
8
9
10
11
FB
13
14
15
16
17
F
19
20
21
22
23
FB
25
26
27
28
29
F
31
32
33
34
35
FB
37
38
39
40
41
F
43
44
45
46
47
FB
Значение для:
7 21 49
1
2
3
4
5
6
F
8
9
10
11
12
13
F
15
16
17
18
19
20
FB
22
23
24
25
26
27
F
29
30
31
32
33
34
F
36
37
38
39
40
41
FB
43
44
45
46
47
48
F
Значение для:
8 24 56
1
2
3
4
5
6
7
F
9
10
11
12
13
14
15
F
17
18
19
20
21
22
23
FB
25
26
27
28
29
30
31
F
33
34
35
36
37
38
39
F
41
42
43
44
45
46
47
FB
49
50
51
52
53
54
55
F
Значение для:
9 36 81
1
2
3
4
5
6
7
8
F
10
11
12
13
14
15
16
17
F
19
20
21
22
23
24
25
26
F
28
29
30
31
32
33
34
35
FB
37
38
39
40
41
42
43
44
F
46
47
48
49
50
51
52
53
F
55
56
57
58
59
60
61
62
F
64
65
66
67
68
69
70
71
FB
73
74
75
76
77
78
79
80
F
Значение для:
10 14 114
1
2
3
4
5
6
7
8
9
F
11
12
13
B
15
16
17
18
19
F
21
22
23
24
25
26
27
B
29
F
31
32
33
34
35
36
37
38
39
F
41
B
43
44
45
46
47
48
49
F
51
52
53
54
55
B
57
58
59
F
61
62
63
64
65
66
67
68
69
FB
71
72
73
74
75
76
77
78
79
F
81
82
83
B
85
86
87
88
89
F
91
92
93
94
95
96
97
B
99
F
101
102
103
104
105
106
107
108
109
F
111
B
113
114
Значение для:
94 14 52
1
2
3
4
5
6
7
8
9
10
11
12
13
B
15
16
17
18
19
20
21
22
23
24
25
26
27
B
29
30
31
32
33
34
35
36
37
38
39
40
41
B
43
44
45
46
47
48
49
50
51
52
Значение для:
60 74 55
1
2
3
4
5
6
7
8
9
10
11
12
13
14
15
16
17
18
19
20
21
22
23
24
25
26
27
28
29
30
31
32
33
34
35
36
37
38
39
40
41
42
43
44
45
46
47
48
49
50
51
52
53
54
55
Значение для:
88 100 3
1
2
3
Значение для:
39 87 41
1
2
3
4
5
6
7
8
9
10
11
12
13
14
15
16
17
18
19
20
21
22
23
24
25
26
27
28
29
30
31
32
33
34
35
36
37
38
F
40
41
Значение для:
90 57 38
1
2
3
4
5
6
7
8
9
10
11
12
13
14
15
16
17
18
19
20
21
22
23
24
25
26
27
28
29
30
31
32
33
34
35
36
37
38
Значение для:
70 99 117
1
2
3
4
5
6
7
8
9
10
11
12
13
14
15
16
17
18
19
20
21
22
23
24
25
26
27
28
29
30
31
32
33
34
35
36
37
38
39
40
41
42
43
44
45
46
47
48
49
50
51
52
53
54
55
56
57
58
59
60
61
62
63
64
65
66
67
68
69
F
71
72
73
74
75
76
77
78
79
80
81
82
83
84
85
86
87
88
89
90
91
92
93
94
95
96
97
98
B
100
101
102
103
104
105
106
107
108
109
110
111
112
113
114
115
116
117
Значение для:
63 22 8
1
2
3
4
5
6
7
8
Значение для:
19 65 89
1
2
3
4
5
6
7
8
9
10
11
12
13
14
15
16
17
18
F
20
21
22
23
24
25
26
27
28
29
30
31
32
33
34
35
36
37
F
39
40
41
42
43
44
45
46
47
48
49
50
51
52
53
54
55
56
F
58
59
60
61
62
63
64
B
66
67
68
69
70
71
72
73
74
75
F
77
78
79
80
81
82
83
84
85
86
87
88
89
Значение для:
64 11 37
1
2
3
4
5
6
7
8
9
10
B
12
13
14
15
16
17
18
19
20
21
B
23
24
25
26
27
28
29
30
31
32
B
34
35
36
37
Значение для:
46 48 23
1
2
3
4
5
6
7
8
9
10
11
12
13
14
15
16
17
18
19
20
21
22
23
Значение для:
29 69 15 1
2
3
4
5
6
7
8
9
10
11
12
13
14
15
